# 4000 consecutive m/z (f64) from a Bruker impact II QTOF MS1 profile spectrum (PXD071586); TOF lattice test fixture
379.8429921914
379.8460693117
379.8491465972
379.8522237175
379.8553010030
379.8583782885
379.8614554088
379.8645326944
379.8676099799
379.8706872654
379.8737645509
379.8768418364
379.8799191219
379.8829964074
379.8860738582
379.8891511437
379.8922285944
379.8953058799
379.8983833306
379.9014607813
379.9045380668
379.9076155176
379.9106929683
379.9137704190
379.9168478697
379.9199254856
379.9230029364
379.9260803871
379.9291578378
379.9322354537
379.9353129044
379.9383905204
379.9414681363
379.9445457522
379.9476232029
379.9507008189
379.9537784348
379.9568560507
379.9599338318
379.9630114478
379.9660890637
379.9691666796
379.9722444607
379.9753220767
379.9783998578
379.9814776389
379.9845552548
379.9876330360
379.9907108171
379.9937885982
379.9968663794
379.9999441605
380.0030221068
380.0060998880
380.0091776691
380.0122556154
380.0153333966
380.0184113429
380.0214891240
380.0245670704
380.0276450167
380.0307229630
380.0338009094
380.0368788557
380.0399568020
380.0430347484
380.0461126947
380.0491908062
380.0522687526
380.0553468641
380.0584248105
380.0615029220
380.0645810335
380.0676589799
380.0707370914
380.0738152030
380.0768933145
380.0799714260
380.0830495376
380.0861278143
380.0892059259
380.0922840374
380.0953623141
380.0984404257
380.1015187024
380.1045969792
380.1076750907
380.1107533675
380.1138316442
380.1169099210
380.1199881977
380.1230664745
380.1261449164
380.1292231932
380.1323014699
380.1353799119
380.1384581886
380.1415366306
380.1446150725
380.1476933493
380.1569286751
380.1600071171
380.1630855590
380.1661640010
380.1692426081
380.1723210501
380.1753994920
380.1784780992
380.1815567063
380.1846351483
380.1877137555
380.1907923626
380.1938709698
380.1969495769
380.2000281841
380.2031067912
380.2061853984
380.2092640056
380.2123427779
380.2154213851
380.2184999922
380.2215787646
380.2246575370
380.2277361441
380.2308149165
380.2338936888
380.2369724612
380.2400512336
380.2431300059
380.2462087783
380.2492875507
380.2585241982
380.2616029705
380.2646819081
380.2677606805
380.2708396180
380.2739185556
380.2769974932
380.2800764307
380.2831553683
380.2862343059
380.2893132434
380.2923923462
380.2954712838
380.2985503866
380.3016293241
380.3047084269
380.3077873645
380.3108664673
380.3139455700
380.3170246728
380.3201037756
380.3231828784
380.3262619811
380.3293410839
380.3324201867
380.3354994547
380.3385785574
380.3416578254
380.3447369282
380.3478161962
380.3508954641
380.3539745669
380.3570538349
380.3601331029
380.3693710720
380.3724503400
380.3755296080
380.3786090412
380.3816883092
380.3847677423
380.3878470103
380.3909264435
380.4155619090
380.4186415074
380.4217209406
380.4248005390
380.4278799722
380.4309595705
380.4340391689
380.4371187673
380.4401983657
380.4432779641
380.4463575625
380.4494371609
380.4525167593
380.4555963577
380.4586761213
380.4617557197
380.4648354833
380.4679150817
380.4709948453
380.4802339708
380.4833137344
380.4863936632
380.4894734268
380.4925531904
380.4956329540
380.4987127176
380.5017926464
380.5048724100
380.5079523388
380.5110322676
380.5141120312
380.5171919600
380.5202718888
380.5233518176
380.5264317464
380.5295116752
380.5325916041
380.5356716981
380.5387516269
380.5418315557
380.5449116497
380.5479915785
380.5510716725
380.5541517665
380.5572316953
380.5603117893
380.5633918833
380.5664719773
380.5695520713
380.5726323305
380.5757124246
380.5787925186
380.5818726126
380.5849528718
380.5880329658
380.5911132250
380.5941934842
380.5972737434
380.6003538374
380.6034340967
380.6065143559
380.6095946151
380.6126750395
380.6157552987
380.6188355579
380.6249962416
380.6280765008
380.6311569252
380.6712027731
380.6742831975
380.6773637871
380.6804443767
380.6835249664
380.6866055560
380.6896861456
380.6927667352
380.6958473249
380.6989279145
380.7020086693
380.7050892590
380.7143313582
380.7174119479
380.7204927027
380.7235734575
380.7266542124
380.7328157220
380.7358964769
380.7389772317
380.7420581517
380.7451389066
380.7482198266
380.7513005814
380.7543815015
380.7574622563
380.7605431763
380.7636240964
380.7667050164
380.7697859364
380.7728668565
380.7759477765
380.7790286966
380.7821097818
380.7851907018
380.7882716219
380.7913527071
380.7944337924
380.7975147124
380.8005957976
380.8036768829
380.8067579681
380.8098390534
380.8129201386
380.8160012238
380.8190823091
380.8221633943
380.8252446448
380.8283257300
380.8314069805
380.8344880657
380.8375693162
380.8406505666
380.8437316518
380.8468129023
380.8498941527
380.8529754032
380.8560566536
380.8591379041
380.8622193197
380.8653005702
380.8683818206
380.8714632363
380.8745444867
380.8776259024
380.8807073180
380.8837887337
380.8868699842
380.8899513998
380.8930328155
380.8961142311
380.8991958120
380.9022772276
380.9053586433
380.9084402241
380.9115216398
380.9146032207
380.9176846363
380.9207662172
380.9238477980
380.9269292137
380.9300107945
380.9330923754
380.9361739563
380.9392557023
380.9423372832
380.9454188640
380.9485004449
380.9515821910
380.9546637718
380.9577455179
380.9608272640
380.9639088448
380.9669905909
380.9700723369
380.9731540830
380.9762358291
380.9793175751
380.9823993212
380.9854812325
380.9885629785
380.9916448898
380.9947266359
380.9978085471
381.0008902932
381.0039722045
381.0070541158
381.0101360270
381.0132179383
381.0162998496
381.0193817608
381.0224636721
381.0255455834
381.0286276599
381.0317095711
381.0347914824
381.0378735589
381.0409556353
381.0440375466
381.0471196231
381.0502016996
381.0532837760
381.0563658525
381.0594479290
381.0625300055
381.0656120820
381.0686943236
381.0717764001
381.0748584766
381.0779407183
381.0810229599
381.0841050364
381.0871872781
381.0902695198
381.0933517615
381.0964340032
381.0995162448
381.1025984865
381.1056807282
381.1087631351
381.1118453768
381.1149276185
381.1180100253
381.1210922670
381.1241746739
381.1303394877
381.1334218946
381.1365043015
381.1395867083
381.1426691152
381.1457515221
381.1580813149
381.1611638870
381.1642464591
381.1673288660
381.1704114380
381.1734940101
381.1765765822
381.1796591543
381.1827417264
381.2074029640
381.2104855361
381.2135682734
381.2166510107
381.2197337480
381.2228164853
381.2258992226
381.2289821251
381.2320648624
381.2351475997
381.2690593620
381.2721422645
381.2752251670
381.2783082347
381.2813911372
381.2844742050
381.2875571075
381.2906401752
381.2937232429
381.2968063106
381.2998893783
381.3029724460
381.3060555137
381.3091385814
381.3122218143
381.3338039491
381.3368870169
381.3399702498
381.3430534827
381.3461367156
381.3492201137
381.3523033466
381.3553865796
381.3584699777
381.3615532106
381.3646366087
381.3677198416
381.3708032397
381.4016373862
381.4047209495
381.4078043476
381.4108879109
381.4139714743
381.4170550376
381.4201386009
381.4232221643
381.4263057276
381.4293892909
381.4355564176
381.4386401461
381.4417237094
381.4448074380
381.4478910013
381.4509747298
381.4540584583
381.4571420217
381.4602257502
381.4633094787
381.4663932073
381.4694769358
381.4725608295
381.4756445581
381.4787282866
381.4818121803
381.4848959089
381.5003152124
381.5033991061
381.5064829998
381.5095668936
381.5126507873
381.5157346811
381.5188185748
381.5219026337
381.5249865275
381.5280705864
381.5311546454
381.5342385391
381.5373225981
381.5404066570
381.5434907159
381.5465747749
381.5496588338
381.5527428928
381.5558269517
381.5589111759
381.5619952348
381.5650792938
381.5681635179
381.5712477421
381.5959213700
381.5990055942
381.6020899835
381.6051742077
381.6082585971
381.6113428212
381.6144272106
381.6175115999
381.6205959893
381.6236802134
381.6267646028
381.6298489921
381.6329335467
381.6360179360
381.6391023254
381.6421867148
381.6452712693
381.6483556587
381.6514402132
381.6545246026
381.6576091572
381.6606937117
381.6637782663
381.6668628208
381.6699473754
381.6730319300
381.6761164845
381.6792010391
381.6822857588
381.6853703134
381.7779147149
381.7809997651
381.7840848153
381.7871698654
381.7902549156
381.7933399658
381.7964250160
381.7995100661
381.8025951163
381.8056803317
381.8087653819
381.8118504321
381.8149356474
381.8180208628
381.8211059130
381.8241911284
381.8272763438
381.8303615592
381.8334467745
381.8365319899
381.8396172053
381.8427024207
381.8457878013
381.8488730167
381.8519583973
381.8550436126
381.8581289932
381.8612143738
381.8642995892
381.8673849698
381.8704703504
381.8766411116
381.8797264921
381.8828120379
381.8858974185
381.8889827991
381.8920683449
381.8951537255
381.8982392713
381.9013248171
381.9044101977
381.9074957435
381.9105812893
381.9136668351
381.9167523809
381.9198379267
381.9229234725
381.9260091835
381.9290947292
381.9321802750
381.9352659860
381.9383516970
381.9414372428
381.9445229538
381.9476086648
381.9506943758
381.9537800868
381.9568657978
381.9599515088
381.9630372198
381.9661229308
381.9692088070
381.9722945180
381.9753802290
381.9784661053
381.9815519815
381.9846376925
381.9877235687
381.9908094449
381.9938953211
381.9969811973
382.0000670735
382.0031529497
382.0062389911
382.0093248673
382.0124107435
382.0154967849
382.0185826611
382.0216687026
382.0247547440
382.0278406202
382.0309266616
382.0340127030
382.0370987444
382.0401847858
382.0432708272
382.0463570338
382.0494430753
382.0525291167
382.0556153233
382.0587013647
382.0617875713
382.0648737779
382.0710460260
382.0741322326
382.0772184392
382.0803046458
382.0833908524
382.0864770590
382.0895634309
382.0926496375
382.0957360093
382.0988222159
382.1019085878
382.1049947944
382.1080811662
382.1111675380
382.1142539098
382.1173402817
382.1235130253
382.1265993971
382.1296857690
382.1327723060
382.1358586778
382.1389452148
382.1420315867
382.1451181237
382.1482044955
382.1512910325
382.1543775696
382.1574641066
382.1605506436
382.1636371807
382.1667237177
382.1852434355
382.1883301377
382.1914166747
382.1945033770
382.1975900792
382.2006767814
382.2037634837
382.2068501859
382.2099370533
382.2130237556
382.2161104578
382.2191973253
382.2222840275
382.2253708949
382.2284577624
382.2315444646
382.2346313320
382.2377181995
382.2408050669
382.2438919344
382.2469788018
382.2500656692
382.2531527019
382.2562395693
382.2593264368
382.2624134694
382.2655005021
382.2685873695
382.2716744021
382.2747614348
382.2778484674
382.2809355001
382.2840225327
382.2871095654
382.2901965980
382.2932836307
382.3148935200
382.3179807179
382.3210679157
382.3241551136
382.3272423114
382.3303295093
382.3334167071
382.3365040702
382.3395912680
382.3426786311
382.3457658289
382.3488531920
382.3519405550
382.3550277529
382.3581151160
382.3673772051
382.3704645682
382.3735520964
382.3766394595
382.3797268226
382.3828143508
382.3859017139
382.3889892421
382.3920766052
382.3951641335
382.3982516617
382.4198645248
382.4229520530
382.4260397465
382.4291272748
382.4322149682
382.4353026617
382.4383903552
382.4414780486
382.4445655769
382.4476534356
382.4507411290
382.4569165160
382.4600042094
382.4630920681
382.4661797616
382.4723554789
382.4754431724
382.4785310311
382.4816188897
382.4847067484
382.4877946071
382.4908824658
382.4939703244
382.4970581831
382.5001462070
382.5032340657
382.5063220895
382.5094099482
382.5124979721
382.5155858308
382.5186738547
382.5217618785
382.5248499024
382.5680833932
382.5711715823
382.5742597713
382.5773479604
382.5804361495
382.5835245038
382.5866126929
382.5897010472
382.5927892363
382.5958775905
382.5989659448
382.6020541339
382.6051424882
382.6082308425
382.6113191968
382.6144075511
382.6174960706
382.6205844249
382.6236727792
382.6267612987
382.6298496530
382.6329381724
382.6360265267
382.6391150462
382.6422035657
382.6452920852
382.6483806047
382.6514691242
382.6545576437
382.6576461632
382.6607346827
382.6638232022
382.6669118869
382.6700004064
382.6730890911
382.6761776106
382.6792662953
382.6885323494
382.6916210341
382.6947097188
382.6977984035
382.7008870882
382.7039757729
382.7070646228
382.7101533075
382.7132421574
382.7163308421
382.7194196921
382.7225085420
382.7255973919
382.7286862418
382.7317749265
382.7348639416
382.7379527915
382.7410416414
382.7441304913
382.7472193412
382.7503083563
382.7533972062
382.7564862214
382.7595752365
382.7626640864
382.7657531015
382.7688421166
382.7719311317
382.7750201468
382.7781091619
382.7842873574
382.7873763725
382.7904653876
382.7935545679
382.7966435830
382.7997327634
382.8028219437
382.8213570256
382.8244462059
382.8275353862
382.8306247317
382.8337139121
382.8368032576
382.8398924379
382.8429817834
382.8460711290
382.8491603093
382.8522496548
382.8553390003
382.8584283459
382.8615178566
382.8646072021
382.8676965476
382.8707858932
382.8738754039
382.8769647494
382.8800542601
382.8831437709
382.8862331164
382.8893226271
382.8924121379
382.8955016486
382.8985911593
382.9016806700
382.9047703460
382.9078598567
382.9109493674
382.9140390434
382.9171285541
382.9202182300
382.9233077408
382.9263974167
382.9294870926
382.9325767686
382.9356664445
382.9387561205
382.9418457964
382.9449354723
382.9480251483
382.9511149894
382.9542046653
382.9572945065
382.9603841824
382.9634740236
382.9665636995
382.9696535406
382.9727433818
382.9758332229
382.9789230641
382.9820129052
382.9851027463
382.9881927527
382.9912825938
382.9943724350
382.9974624413
383.0005522825
383.0036422888
383.0067322952
383.0098221363
383.0129121426
383.0160021490
383.0190921553
383.0221821617
383.0252721680
383.0283621744
383.0314523459
383.0345423523
383.0376325238
383.0407225302
383.0438127017
383.0469027081
383.0499928796
383.0530830512
383.0561732227
383.0592633943
383.0623535658
383.0654437374
383.0685339090
383.0716240805
383.0747144173
383.0994366157
383.1025269525
383.1056172892
383.1087077912
383.1117981280
383.1148884647
383.1179789667
383.1210693034
383.1241598054
383.1272501422
383.1303406441
383.1334311461
383.1427026520
383.1457931539
383.1488836559
383.1519741579
383.1550646598
383.1581553270
383.1612458290
383.1643364961
383.1674269981
383.1705176653
383.1736083324
383.1766989996
383.1797896668
383.1828803340
383.1859710011
383.1890616683
383.1921523355
383.2014245022
383.2045153346
383.2076060017
383.2106968341
383.2137876665
383.2168783336
383.2416053231
383.2446961554
383.2477871530
383.2508781506
383.2694239709
383.2725149685
383.2756059660
383.2786971288
383.2817881264
383.2848792892
383.2879702868
383.2910614496
383.2941526123
383.2972436099
383.3003347727
383.3034259355
383.3065170983
383.3096082611
383.3436120430
383.3467033710
383.3497946989
383.3528860269
383.3559775201
383.3590688481
383.3621601761
383.3652516693
383.3683429973
383.3714344905
383.3776173117
383.3807088049
383.3838002981
383.3868917913
383.3899832845
383.3930747777
383.3961662709
383.3992577641
383.4023494225
383.4054409157
383.4085325741
383.4116240673
383.4147157257
383.4178073841
383.4208990425
383.4239905357
383.4270821941
383.4301738525
383.4332655109
383.4363573345
383.4394489929
383.4425406513
383.4456324749
383.4487241333
383.4518159569
383.4549076154
383.4579994390
383.4610912626
383.4734585570
383.4765503806
383.4796422042
383.4827340278
383.4858260167
383.4889178403
383.4920098291
383.4951016527
383.4981936415
383.5012856303
383.5043776191
383.5074696079
383.5105615968
383.5136535856
383.5167455744
383.5198375632
383.5229295520
383.5260217060
383.5291136949
383.5322058489
383.5414821457
383.5445741345
383.5476662886
383.5507584426
383.5538505966
383.5569427506
383.5600350699
383.5631272239
383.5662193779
383.5693116971
383.5724038511
383.5754961704
383.5785883244
383.5816806436
383.5847729628
383.5878652821
383.5909576013
383.6187889699
383.6218812892
383.6249737736
383.6280662580
383.6311587425
383.6342512269
383.6373437113
383.6404361958
383.6435286802
383.6466213298
383.6497138143
383.6528064639
383.6620840824
383.6651767320
383.6682693817
383.6713620313
383.6744546810
383.6775473306
383.6806399802
383.6868254447
383.6899180943
383.6930107440
383.6961035588
383.6991963737
383.7022890233
383.7239387272
383.7270315421
383.7301245221
383.7332173369
383.7363103170
383.7394031318
383.7424961119
383.7455889267
383.7486819068
383.7517748868
383.7548678669
383.7579608469
383.7610538270
383.7641468070
383.7672399523
383.7703329323
383.7734259124
383.7765190576
383.7796120377
383.7827051829
383.7857983282
383.7888914734
383.7919844535
383.7950775987
383.7981707440
383.8012638893
383.8043571997
383.8074503450
383.8105434902
383.8136366355
383.8167299459
383.8198230912
383.8229164016
383.8260097121
383.8291030226
383.8321961678
383.8383827887
383.8414760992
383.8445694097
383.8476628853
383.8507561958
383.8538495062
383.8569429819
383.8600362924
383.8631297680
383.8662232437
383.8693165542
383.8724100298
383.8755035055
383.8785969812
383.8816904568
383.8847839325
383.8878774082
383.8909710490
383.8940645247
383.8971580004
383.9002516412
383.9033451169
383.9064387578
383.9095323986
383.9126260395
383.9157195152
383.9188131561
383.9219067969
383.9250004378
383.9280942439
383.9311878847
383.9342815256
383.9373753317
383.9404689726
383.9435627786
383.9466564195
383.9497502256
383.9528440317
383.9559378377
383.9590316438
383.9621254499
383.9652192560
383.9683130621
383.9714068681
383.9745006742
383.9775946455
383.9806884516
383.9837824228
383.9868762289
383.9899702002
383.9930641715
383.9961581428
383.9992519488
384.0023459201
384.0054400566
384.0085340279
384.0116279992
384.0147219705
384.0178161070
384.0209100782
384.0240040495
384.0270981860
384.0301923225
384.0332862938
384.0363804303
384.0394745668
384.0425687032
384.0456628397
384.0487569762
384.0518511127
384.0549454144
384.0580395509
384.0611338526
384.0642279891
384.0673222908
384.0704164273
384.0735107290
384.0766050306
384.0796993323
384.0827936340
384.0858879357
384.0889822374
384.0920765391
384.0951708408
384.0982651425
384.1013596094
384.1044539111
384.1075483780
384.1106426797
384.1137371466
384.1168316135
384.1199260804
384.1230205473
384.1261150142
384.1292094811
384.1323039480
384.1353984149
384.1384930470
384.1415875139
384.1446819808
384.1477766129
384.1508710798
384.1539657119
384.1570603440
384.1601549761
384.1632496082
384.1663442403
384.1694388724
384.1725335045
384.1756281366
384.1787227687
384.1818175661
384.1849121982
384.1880069955
384.1911016276
384.1941964249
384.1972912222
384.2003858543
384.2034806516
384.2065754489
384.2096702462
384.2127650435
384.2158600061
384.2189548034
384.2220496007
384.2251445632
384.2282393605
384.2313343230
384.2344291203
384.2375240829
384.2406190454
384.2437140079
384.2468089704
384.2499039329
384.2529988954
384.2560938580
384.2591888205
384.2622839482
384.2653789107
384.2684738732
384.2715690009
384.2746641287
384.2777590912
384.2808542189
384.2839493466
384.2870444744
384.2901396021
384.2932347298
384.2963298575
384.2994249852
384.3025202782
384.3056154059
384.3087105336
384.3118058265
384.3149011195
384.3179962472
384.3210915401
384.3241868330
384.3272821260
384.3303774189
384.3365680048
384.3396632977
384.3427585906
384.3458540487
384.3489493417
384.3520447998
384.3551400927
384.3582355509
384.3613310090
384.3644264671
384.3675217601
384.3706172182
384.3799037578
384.3829992159
384.3860946741
384.3891902974
384.3922857555
384.3953813789
384.3984768370
384.4015724604
384.4046680837
384.4077637070
384.4108593304
384.4139549537
384.4170505770
384.4201462004
384.4232418237
384.4263376123
384.4418160594
384.4449118479
384.4480076365
384.4511034250
384.4541992136
384.4572950021
384.4603907906
384.4634865792
384.4665825329
384.4696783215
384.4727741100
384.4758700638
384.4789660175
384.4820618061
384.4851577598
384.4882537136
384.4913496673
384.4944456211
384.4975415748
384.5006375286
384.5037334823
384.5068294361
384.5099255550
384.5130215088
384.5161176277
384.5192135815
384.5223097004
384.5254058194
384.5285019384
384.5315978921
384.5346940111
384.5377901300
384.5408864142
384.5439825331
384.5470786521
384.5501747710
384.5532710552
384.5625595773
384.5656558614
384.5687521456
384.5718484298
384.5749447139
384.5780409981
384.5811372823
384.5842335664
384.5873298506
384.5904262999
384.5935225841
384.6182938486
384.6213902980
384.6244867474
384.6275831967
384.6306798113
384.6337762607
384.6368727100
384.6399693246
384.6430659392
384.6461623886
384.6492590031
384.6523556177
384.6554522323
384.6585488468
384.6616454614
384.6647420760
384.6678386906
384.6709353051
384.6740320849
384.6771286995
384.6802254793
384.6833220938
384.6864188736
384.6895156534
384.6926124332
384.6957090478
384.6988058275
384.7019026073
384.7049993871
384.7080963321
384.7111931118
384.7142898916
384.7173868366
384.7204836164
384.7235805614
384.7266773412
384.7297742861
384.7328712311
384.7359681761
384.7390651211
384.7421620661
384.7452590111
384.7483559560
384.7514529010
384.7545500112
384.7576469562
384.7607439012
384.7638410114
384.7669381216
384.7700350665
384.7731321767
384.7762292869
384.7793263971
384.7824235073
384.7855206175
384.7886177277
384.7917148379
384.7948121133
384.7979092235
384.8010063337
384.8041036090
384.8072008844
384.8102979946
384.8133952700
384.8164925454
384.8195898208
384.8226870962
384.8257843716
384.8288816470
384.8319789224
384.8350761978
384.8381736384
384.8412709138
384.8443683544
384.8474656298
384.8505630704
384.8536605110
384.8567577864
384.8598552270
384.8629526676
384.8660501082
384.8691475488
384.8722451546
384.8753425952
384.8784400358
384.8815376416
384.8846350822
384.8877326880
384.8908301286
384.8939277344
384.8970253402
384.9001229460
384.9032205518
384.9063181577
384.9094157635
384.9125133693
384.9156109751
384.9187085809
384.9218063519
384.9249039577
384.9280017287
384.9310993345
384.9341971055
384.9372948765
384.9403926476
384.9434904186
384.9465881896
384.9496859606
384.9527837316
384.9558815026
384.9589792736
384.9620772098
384.9651749809
384.9682729171
384.9713706881
384.9744686243
384.9775665605
384.9806644967
384.9837622678
384.9868602040
384.9899583054
384.9930562416
384.9961541778
384.9992521141
385.0023500503
385.0054481517
385.0085460879
385.0116441893
385.0147422908
385.0178402270
385.0209383284
385.0240364298
385.0271345313
385.0302326327
385.0333307341
385.0364288355
385.0395271022
385.0488215716
385.0519196731
385.0550179397
385.0581162063
385.0612144729
385.0643125744
385.0674108410
385.0705091076
385.0736073743
385.0767058061
385.0798040727
385.0829023393
385.0860007712
385.0890990378
385.0921974696
385.0952957363
385.0983941681
385.1014925999
385.1045910318
385.1076892984
385.1107877302
385.1138863273
385.1169847591
385.1200831910
385.1231816228
385.1262802198
385.1293786517
385.1324772487
385.1355756805
385.1386742776
385.1417728746
385.1448713065
385.1479699035
385.1510685005
385.1541670976
385.1572656946
385.1696604132
385.1727590102
385.1758577725
385.1789563695
385.1820551318
385.1851538940
385.1882526563
385.1913514185
385.1944501808
385.1975489430
385.2006477052
385.2037464675
385.2068453949
385.2099441572
385.2130430846
385.2316363189
385.2347352464
385.2378341738
385.2409331013
385.2440321940
385.2843199029
385.2874189955
385.2905180882
385.2936173461
385.2967164387
385.2998156966
385.3029147892
385.3060140471
385.3122125628
385.3153118207
385.3184110786
385.3215103364
385.3246095943
385.3277090174
385.3308082752
385.3370069561
385.3401062140
385.3432056371
385.3463050601
385.3494044832
385.3525039063
385.3556031642
385.3587027524
385.3618021755
385.3649015986
385.3680010216
385.3711004447
385.3896976439
385.3927972322
385.3958968205
385.3989964088
385.4020959970
385.4051955853
385.4082951736
385.4113949271
385.4144945153
385.4175941036
385.4206938571
385.4237936106
385.4268931988
385.4330927058
385.4361924593
385.4392922128
385.4423919662
385.4454917197
385.4485914732
385.4516913919
385.4578908989
385.4609908175
385.4640905710
385.4671904897
385.4702904084
385.4733903271
385.4764902458
385.4795901644
385.4826900831
385.4857900018
385.4888899205
385.4919898392
385.4950899231
385.4981898418
385.5012897605
385.5043898443
385.5167900147
385.5198900986
385.5229901825
385.5260902664
385.5291903503
385.5322905994
385.5353906833
385.5446911001
385.5477913492
385.5508915983
385.5539918474
385.5570919313
385.5601921804
385.5632924295
385.5663926786
385.5694930929
385.5725933420
385.5756935911
385.5787940054
385.5818942545
385.5849946688
385.5880949179
385.5911953322
385.5942957465
385.5973959956
385.6004964099
385.6035968242
385.6066972385
385.6097978180
385.6128982323
385.6159986466
385.6532051051
385.6563058498
385.6594064293
385.6625071741
385.6656077536
385.6687084983
385.6718090778
385.6749098225
385.6780105672
385.6811113119
385.6842120566
385.6873128014
385.6904135461
385.6935142908
385.6997159454
385.7028166901
385.7059174348
385.7121192547
385.7152199994
385.7183209093
385.7214218192
385.7245227292
385.7276236391
385.7307245490
385.7338254589
385.7369263688
385.7400274440
385.7431283539
385.7462294290
385.7493303389
385.7524314141
385.7555323240
385.7586333991
385.7617344742
385.7648355493
385.7679366245
385.7710376996
385.7741387747
385.7772398498
385.7896444808
385.7927457211
385.7958467962
385.7989480365
385.8020492769
385.8175554785
385.8206567189
385.8237581244
385.8268593647
385.8299607703
385.8330620106
385.8361634161
385.8392646565
385.8423660620
385.8454674675
385.8485688731
385.8516702786
385.8547716841
385.8578730897
385.8609746604
385.8640760660
385.8671774715
385.8702790422
385.8733804478
385.8764820185
385.8795835893
385.8826851600
385.8857865655
385.8888881363
385.8919897070
385.8950912778
385.8981930137
385.9012945845
385.9043961552
385.9074978911
385.9105994619
385.9137011978
385.9168027686
385.9199045045
385.9230062405
385.9261078112
385.9292095472
385.9323112831
385.9354130191
385.9385149202
385.9416166562
385.9447183921
385.9478201281
385.9509220292
385.9540237652
385.9571256663
385.9602275675
385.9633293034
385.9664312046
385.9695331057
385.9726350069
385.9757369080
385.9788388092
385.9819407103
385.9850427767
385.9881446779
385.9912465790
385.9943486454
385.9974507117
386.0005526129
386.0036546792
386.0067567456
386.0098588120
386.0129608783
386.0160629447
386.0191650110
386.0222670774
386.0253691437
386.0284712101
386.0315734417
386.0346755080
386.0377777396
386.0408798060
386.0439820375
386.0470842691
386.0501865007
386.0532887322
386.0563909638
386.0656976585
386.0688000552
386.0719022868
386.0750045184
386.0781069151
386.0812093119
386.0843115435
386.0874139403
386.0905163370
386.0936187338
386.0967211306
386.0998235273
386.1029259241
386.1060283209
386.1091307176
386.1122332796
386.1153356764
386.1184382384
386.1215406351
386.1246431971
386.1618742712
386.1649769984
386.1680795604
386.1711822876
386.1742850148
386.1773877419
386.1804904691
386.1835931963
386.1866959235
386.1897986507
386.1929015431
386.1960042702
386.1991071626
386.2022098898
386.2053127822
386.2084155094
386.2115184018
386.2146212941
386.2177241865
386.2208270789
386.2239299713
386.2270328637
386.2301359213
386.2394447637
386.2425476560
386.2456507136
386.2487537712
386.2518566636
386.2549597212
386.2580627788
386.2611658364
386.2642688940
386.2673719516
386.2704750092
386.2735782320
386.2766812896
386.2797845124
386.2828875700
386.2859907928
386.2890938504
386.2921970732
386.2953002959
386.2984035187
386.3015067415
386.3046099643
386.3077131871
386.3108164099
386.3139196327
386.3170230207
386.3201262435
386.3232296315
386.3263328543
386.3294362424
386.3325396304
386.3356428532
386.3387462412
386.3418496292
386.3449530172
386.3480564052
386.3511597932
386.3542633464
386.3573667344
386.3604701224
386.3635736756
386.3666770636
386.3697806168
386.3728841700
386.3759877232
386.3790911112
386.3821946645
386.3852982177
386.3884017709
386.3915054893
386.3946090425
386.4194381290
386.4225418474
386.4256455658
386.4349568863
386.4380606047
386.4411643231
386.4442682067
386.4473719252
386.4504758088
386.4535795272
386.4566834108
386.4597872944
386.4628911781
386.4659950617
386.4690989453
386.4722028289
386.4753067125
386.4784107614
386.4815146450
386.4846185286
386.5063465400
386.5094505888
386.5125546376
386.5156588517
386.5187629005
386.5218669493
386.5249711634
386.5280752122
386.5311794262
386.5342834750
386.5373876891
386.5404919031
386.5435961171
386.5467003312
386.5591171873
386.5622214013
386.5653257806
386.5684299946
386.5715343738
386.5746385879
386.5777429671
386.5808473464
386.5839517256
386.5870559396
386.5901603189
386.5932646981
386.5963692425
386.5994736218
386.6025780010
386.6056823803
386.6087869247
386.6118913039
386.6149958484
386.6181003928
386.6212047721
386.6243093165
386.6336229498
386.6367274943
386.6398320387
386.6429367484
386.6460412928
386.6491458373
386.6522505469
386.6553550914
386.6584598010
386.6770880589
386.6801927686
386.6832974782
386.6864021879
386.6895070627
386.6926117724
386.6957166472
386.6988213569
386.7019262317
386.7050311066
386.7081359814
386.7112408563
386.7143457311
386.7174506060
386.7205554808
386.7236603557
386.7267652306
386.7298702706
386.7422901004
386.7453951405
386.7485001806
386.7516052206
386.7547102607
386.7578153008
386.7609203408
386.7640253809
386.7671304209
386.7702356262
386.7733406663
386.7764458715
386.7888663622
386.7919715674
386.7950767727
386.7981819780
386.8012871832
386.8043923885
386.8074977590
386.8106029643
386.8137083347
386.8168135400
386.8199189105
386.8230241157
386.8261294862
386.8292348567
386.8323402271
386.8354455976
386.8385509681
386.8416563386
386.8447617090
386.8478670795
386.8509724500
386.8540779857
386.8571833561
386.8602888918
386.8633942623
386.8664997980
386.8696053336
386.8727108693
386.8758164050
386.8789219407
386.8820274763
386.8851330120
386.8882385477
386.8913440834
386.8944497843
386.8975553199
386.9006610208
386.9037665565
386.9068722574
386.9099779583
386.9130836591
386.9161893600
386.9192950609
386.9224007618
386.9255064627
386.9286121636
386.9317178644
386.9348237305
386.9379294314
386.9410352975
386.9441409984
386.9472468645
386.9503527306
386.9534584315
386.9565642975
386.9596701636
386.9627760297
386.9658818958
386.9689879271
386.9720937932
386.9751996593
386.9783056906
386.9814115567
386.9845175880
386.9876234540
386.9907294853
386.9938355166
386.9969415479
387.0000475792
387.0031536105
387.0062596418
387.0093656731
387.0124717044
387.0155777357
387.0186839322
387.0217899635
387.0248961600
387.0466393703
387.0497455668
387.0528517633
387.0559579598
387.0590643215
387.0621705180
387.0652768797
387.0683830762
387.0714894379
387.0745957996
387.0777021613
387.0808085230
387.0839148847
387.0870212464
387.0901276081
387.0932339698
387.0963403316
387.0994468585
387.1025532202
387.1056595819
387.1087661088
387.1118726357
387.1149789974
387.1180855243
387.1211920512
387.1242985781
387.1274051051
387.1305116320
387.1336181589
387.1460445969
387.1491512891
387.1522578160
387.1553645081
387.1584712002
387.1615778923
387.1646844192
387.1677911113
387.1708979687
387.1740046608
387.1771113529
387.1802180450
387.1833249023
387.1864315945
387.1895384518
387.1926451439
387.1957520012
387.1988588585
387.2019657159
387.2050725732
387.2081794305
387.2112862878
387.2143931452
387.2175000025
387.2206068598
387.2299277622
387.2330346195
387.2361416420
387.2392486646
387.2423556871
387.2454625444
387.2485695669
387.2516765895
387.2547837772
387.2578907997
387.2609978223
387.2641048448
387.2672120325
387.2703190551
387.3013909324
387.3044981201
387.3076053079
387.3107126608
387.3138198485
387.3169272015
387.3200345544
387.3231419074
387.3262490951
387.3293564480
387.3324638010
387.3355711539
387.3386786721
387.3417860250
387.3448933779
387.3480008961
387.3511082490
387.3542157672
387.3573231201
387.3604306382
387.3635381564
387.3666456745
387.3697530275
387.3728605456
387.3759682290
387.3790757471
387.3821832653
387.3852907834
387.3883984668
387.3915059849
387.3946136683
387.3977211864
387.4008288698
387.4039365531
387.4070440712
387.4101517546
387.4132594380
387.4163671213
387.4194748047
387.4256903366
387.4287980199
387.4319058685
387.4350135518
387.4381214004
387.4412290837
387.4443369323
387.4474447808
387.4505526294
387.4536604780
387.4567683265
387.4598761751
387.4629840236
387.4660918722
387.4691998859
387.4723077345
387.4754157483
387.4785235968
387.4816316106
387.4847396243
387.4878474729
387.4909554867
387.4940635004
387.4971715142
387.5002795279
387.5033875417
387.5064957207
387.5096037344
387.5127117482
387.5158199272
387.5189279409
387.5220361199
387.5251442989
387.5282523126
387.5313604916
387.5344686706
387.5375768495
387.5406850285
387.5437932075
387.5469015516
387.5500097306
387.5531179096
387.5562262538
387.5593344327
387.5624427769
387.5655511211
387.5686593000
387.5717676442
387.5748759884
387.5779843326
387.5810926767
387.5842010209
387.5873093651
387.5904178745
387.5935262186
387.5966345628
387.5997430722
387.6028515816
387.6059599257
387.6183939633
387.6215024726
387.6246109820
387.6277194914
387.6339365101
387.6370451847
387.6401536941
387.6432623687
387.6463710433
387.6494795527
387.6525882272
387.6556969018
387.6774577891
387.6805666289
387.6836753035
387.6867841433
387.6898928179
387.6930016577
387.6961104975
387.7023281770
387.7054370168
387.7085458566
387.7116546964
387.7147637014
387.7178725412
387.7209813810
387.7240903860
387.7271993910
387.7303082308
387.7334172358
387.7365262408
387.7396352458
387.7427442508
387.7458532558
387.7489622608
387.7520712657
387.7551802707
387.7582894409
387.7613984459
387.7893806473
387.7924899828
387.7955991530
387.7987083232
387.8018176586
387.8049268288
387.8080361642
387.8111453344
387.8142546698
387.8173640052
387.8204733406
387.8235826760
387.8266920114
387.8298013468
387.8329106822
387.8360200176
387.8391293530
387.8453481891
387.8484576897
387.8515670251
387.8546765257
387.8577860263
387.8608955269
387.8640050275
387.8671145282
387.8702240288
387.8733335294
387.8764430300
387.8795525306
387.8826621964
387.8857716970
387.8888813629
387.8919908635
387.8951005293
387.8982101951
387.9013196957
387.9044293615
387.9075390274
387.9106486932
387.9137585242
387.9168681900
387.9199778558
387.9230875217
387.9261973527
387.9293070185
387.9324168495
387.9355266805
387.9386363464
387.9417461774
387.9448560084
387.9479658394
387.9510756705
387.9541855015
387.9572953325
387.9604051635
387.9635151598
387.9666249908
387.9697349870
387.9728448180
387.9759548143
387.9790648105
387.9821746415
387.9852846378
387.9883946340
387.9915046302
387.9946146264
387.9977246227
388.0008347841
388.0039447803
388.0070547766
388.0101649380
388.0132749342
388.0163850957
388.0194952571
388.0226052533
388.0257154148
388.0288255762
388.0319357376
388.0350458991
388.0381560605
388.0412663872
388.0443765486
388.0474867100
388.0505970367
388.0537071981
388.0568175248
388.0599276862
388.0630380128
388.0661483395
388.0692586661
388.0723689928
388.0754793194
388.0785896460
388.0816999727
388.0848104645
388.0910311178
388.0941416097
388.0972519363
388.1003624281
388.1034729200
388.1065834118
388.1096937385
388.1128042303
388.1159147222
388.1190253792
388.1221358711
388.1252463629
388.1283568548
388.1314675118
388.1345780037
388.1376886607
388.1407991526
388.1439098096
388.1501311237
388.1532417808
388.1563524378
388.1594630949
388.1625737519
388.1656844090
388.1687950660
388.1781273676
388.1812380247
388.1843488469
388.1874596692
388.1905704914
388.1967921359
388.1999029582
388.2030137805
388.2061246027
388.2092354250
388.2123464124
388.2154572347
388.2185682222
388.2216790444
388.2247900319
388.2279010194
388.2310120068
388.2341228291
388.2372338165
388.2403448040
388.2434559567
388.2465669441
388.2496779316
388.2527889191
388.2559000717
388.2590110592
388.2621222119
388.2652333645
388.2683443520
388.2714555047
388.2745666573
388.2776778100
388.2807889627
388.2994562091
388.3025673618
388.3056786797
388.3087899975
388.3119011502
388.3150124681
388.3274577396
388.3305692227
388.3336805405
388.3492376255
388.3523489434
388.3554604265
388.3585719096
388.3616833926
388.3647948757
388.3679063588
388.3710180071
388.3741294902
388.3772409732
388.3803526215
388.3834641046
388.3865757529
388.3896872360
388.3927988843
388.3959105326
388.3990221808
388.4021338291
388.4052454774
388.4083571257
388.4176922358
388.4208038841
388.4239156975
388.4270273458
388.4301391593
388.4332509728
388.4550336673
388.4581454808
388.4612574594
388.4643692729
388.4674812516
388.4705930651
388.4737050438
388.4768170225
388.4799290012
388.4830409799
388.4861529586
388.4892649373
388.4923769160
388.4954888947
388.4986008734
388.5203855503
388.5234976942
388.5266096729
388.5297219820
388.5328341259
388.5359462698
388.5390584137
388.5421707229
388.5452828668
388.5483951759
388.5515073198
388.5577319380
388.5608440819
388.5639563910
388.5670687001
388.5701810092
388.5732933183
388.5764057926
388.5795181017
388.5826304109
388.5857428852
388.5888551943
388.5919676686
388.5950799777
388.5981924520
388.6106423493
388.6137548236
388.6168672979
388.6199797722
388.6230924117
388.6262048861
388.6293173604
388.6324299999
388.6355426394
388.6386551137
388.6417677532
388.6448803928
388.6479930323
388.6760072836
388.6791199231
388.6822327278
388.6853455326
388.6884583373
388.6946839467
388.6977967515
388.7009095562
388.7040223609
388.7071353308
388.7102481356
388.7164739102
388.7195868802
388.7226998501
388.7258128200
388.7289257900
388.7320385947
388.7351517298
388.7382646998
388.7413776697
388.7444906396
388.7476036095
388.7507167447
388.7538297146
388.7569428498
388.7600559849
388.7631689548
388.7662820900
388.7693952251
388.7725083602
388.7756214954
388.7787346305
388.7818477656
388.7849609008
388.7880742011
388.7911873363
388.7943006366
388.7974137717
388.8005270721
388.8036403724
388.8067535076
388.8098668079
388.8129801082
388.8254334748
388.8285467752
388.8316600755
388.8347735411
388.8378868414
388.8410003070
388.8441137725
388.8472270728
388.8503405384
388.8534540039
388.8565674695
388.8596809350
388.8627944006
388.8659078661
388.8690214969
388.8721349624
388.8752485932
388.8783620587
388.8814756895
388.8845891550
388.8877027858
388.8908164166
388.8939300473
388.8970436781
388.9001573088
388.9032709396
388.9063845703
388.9094982011
388.9126119970
388.9157256278
388.9188394237
388.9219530545
388.9250668505
388.9281806464
388.9312942772
388.9344080731
388.9375218691
388.9406356651
388.9437494610
388.9468632570
388.9499772181
388.9530910141
388.9562048101
388.9593187712
388.9624325672
388.9655465284
388.9686604895
388.9717744507
388.9748882466
388.9780022078
388.9811161690
388.9842301301
388.9873442565
388.9904582177
388.9935721788
388.9966861400
388.9998002664
389.0029142275
389.0060283539
389.0091424803
389.0122564415
389.0153705678
389.0184846942
389.0215988206
389.0247129469
389.0278270733
389.0309413649
389.0340554913
389.0371696176
389.0402839092
389.0433980356
389.0465123271
389.0496264535
389.0558550367
389.0589693283
389.0620836198
389.0651979114
389.0683122030
389.0714264946
389.0745407861
389.0776552429
389.0807695345
389.0994559448
389.1025704016
389.1056848583
389.1087993151
389.1119139371
389.1150283939
389.1181428507
389.1212574727
389.1243719294
389.1274865514
389.1306010082
389.1337156302
389.1368302522
389.1399448742
389.1430593310
389.1461739530
389.1492887401
389.1524033621
389.1555179841
389.1586326061
389.1617473933
389.1648620153
389.2022392964
389.2053542488
389.2084690360
389.2115839884
389.2146989408
389.2178137280
389.2209286804
389.2271585852
389.2302735376
389.2333884900
389.2365034424
389.2396185600
389.2427335124
389.2458484648
389.2489635824
389.2520785348
389.2551936524
389.2583087700
389.2614238876
389.2645388400
389.2676539576
389.2707690752
389.2738841928
389.2769994756
389.2801145932
389.2832297108
389.2863449937
389.2894601113
389.2925753941
389.2956905117
389.2988057945
389.3019210773
389.3050363601
389.3081514777
389.3112667605
389.3143822085
389.3237280570
389.3268435050
389.3299587878
389.3330742358
389.3361895186
389.3393049666
389.3424204147
389.3766906732
389.3798062865
389.3829217345
389.3860373477
389.3891529609
389.3922685742
389.3953841874
389.3984998006
389.4016154138
389.4047311922
389.4078468055
389.4109624187
389.4140781971
389.4171938103
389.4203095888
389.4234253672
389.4265411456
389.4296567588
389.4327725373
389.4358883157
389.4390040941
389.4483515946
389.4514675382
389.4545833167
389.4576992603
389.4608150387
389.4639309824
389.4670469260
389.4701628696
389.4732786481
389.4763945917
389.4795107005
389.4826266442
389.4857425878
389.4888585314
389.4919746403
389.4950905839
389.4982066927
389.5013226364
389.5044387452
389.5075548541
389.5106707977
389.5137869065
389.5169030154
389.5200191242
389.5231353982
389.5729951221
389.5761113962
389.5792278354
389.5823441095
389.5854605487
389.5885769880
389.5916932620
389.5948097013
389.5979261405
389.6010425798
389.6041590190
389.6072756235
389.6103920627
389.6135085020
389.6166251064
389.6197415457
389.6228581501
389.6259745894
389.6540240295
389.6571407992
389.6602574036
389.6633740081
389.6664907777
389.6696075474
389.6727243170
389.6758409215
389.6789576912
389.6820744608
389.6851912305
389.6883080001
389.6914249350
389.6945417047
389.6976584743
389.7007754092
389.7038921789
389.7070091137
389.7101258834
389.7132428183
389.7163597531
389.7194766880
389.7225936229
389.7257105577
389.7288274926
389.7319444275
389.7350613623
389.7381784624
389.7599976673
389.7631147674
389.7662318674
389.7693489675
389.7724660676
389.7755833329
389.7787004329
389.7818175330
389.7849347983
389.7880518984
389.7911691636
389.7942864289
389.7974035290
389.8005207943
389.8036380595
389.8067553248
389.8098725901
389.8129898554
389.8161072859
389.8192245511
389.8223418164
389.8254592469
389.8285765122
389.8316939427
389.8348113732
389.8379286384
389.8410460689
389.8441634994
389.8472809299
389.8503983604
389.8535157909
389.8566332213
389.8597508170
389.8628682475
389.8659858432
389.8691032737
389.8722208694
389.8753382999
389.8784558955
389.8815734912
389.8846910869
389.8878086826
389.8909262783
389.8940438740
389.8971614697
389.9002790654
389.9033968263
389.9065144220
389.9096320176
389.9127497785
389.9158675394
389.9189851351
389.9221028960
389.9252206569
389.9283384178
389.9314561787
389.9345739396
389.9376917005
389.9408094614
389.9439273875
389.9470451484
389.9501630745
389.9532808354
389.9563987615
389.9595166876
389.9626344485
389.9657523746
389.9688703007
389.9719882268
389.9751061529
389.9782240790
389.9813420051
389.9844600964
389.9875780225
389.9906961138
389.9938140399
389.9969321312
390.0000500573
390.0031681486
390.0062862399
390.0094043312
390.0125224225
390.0156405138
390.0187586051
390.0343493921
390.0374674834
390.0405857399
390.0437039964
390.0468222529
390.0499403442
390.0530586008
390.0561768573
390.0592952790
390.0624135355
390.0655317920
390.0686500485
390.0717684702
390.0748867268
390.0780051485
390.0811234050
390.0842418267
390.0873602484
390.0904786701
390.0935970919
390.0967155136
390.0998339353
390.1029523570
390.1060707787
390.1091893656
390.1123077874
390.1154262091
390.1185447960
390.1216633829
390.1247818046
390.1279003916
390.1310189785
390.1341375654
390.1372561523
390.1403747393
390.1434933262
390.1466119131
390.1497305000
390.1528492522
390.1559678391
390.1590865912
390.1777989388
390.1809176909
390.1840364430
390.1871551952
390.1902739473
390.1933928646
390.1965116168
390.2027492862
390.2058682036
390.2089869557
390.2121058730
390.2152247904
390.2183437077
390.2214626250
390.2245815424
390.2277004597
390.2308195422
390.2339384596
390.2370573769
390.2401764595
390.2432953768
390.2464144593
390.2495335419
390.2526526244
390.2557715417
390.2588906243
390.2620097068
390.2651287894
390.2682480371
390.2713671196
390.2744862022
390.2776054499
390.2807245325
390.2838437802
390.2869628628
390.2900821105
390.2932013583
390.2963204408
390.3275134139
390.3306328268
390.3337520746
390.3368714875
390.3399909005
390.3431103134
390.3462297264
390.3493491393
390.3524687175
390.3555881304
390.3587075434
390.3618271215
390.3649465345
390.3680661127
390.3711855256
390.3743051038
390.3774246819
390.3805442601
390.4086207939
390.4117405373
390.4148601154
390.4179798588
390.4210996022
390.4242193455
390.4273390889
390.4304588322
390.4335785756
390.4366983190
390.4398182275
390.4429379709
390.4460578795
390.4491776228
390.4522975314
390.4554172748
390.4585371833
390.4616570919
390.4710168176
390.4741367262
390.4772566347
390.4803767085
390.4834966171
390.4866166909
390.4897365994
390.4928566732
390.4959765818
390.4990966555
390.5240574109
390.5271774847
390.5302977237
390.5334177975
390.5365380365
390.5396582754
390.5427783492
390.5458985882
390.5490188272
390.5521390661
390.5552593051
390.5583797093
390.5614999483
390.5646201873
390.5677405915
390.5708608304
390.5739812346
390.5771014736
390.5802218778
390.5833422820
390.5864626862
390.5895829251
390.5927034945
390.6114260848
390.6145466542
390.6176670584
390.6207876278
390.6239081972
390.6270287666
390.6301491708
390.6332697402
390.6363904748
390.6395110442
390.6426316136
390.6457521829
390.6488729175
390.6519934869
390.6551142215
390.6707175641
390.6738382987
390.6769590333
390.6800797679
390.6832006677
390.6863214023
390.6894421369
390.6925630367
390.6956837713
390.6988046711
390.7019254057
390.7050463055
390.7081672053
390.7112881051
390.7175299047
390.7206508045
390.7237717043
390.7268926041
390.7300136691
390.7331345689
390.7362554687
390.7393765337
390.7424975987
390.7456184985
390.7487395635
390.7518606286
390.7549816936
390.7581027586
390.7768294790
390.7799505440
390.7830717743
390.7861928393
390.7893140695
390.7924352997
390.7955565299
390.7986777601
390.8017989903
390.8049202205
390.8080414508
390.8111628462
390.8142840764
390.8174053066
390.8205267020
390.8236480974
390.8267693277
390.8298907231
390.8330121185
390.8361335139
390.8392549093
390.8423763048
390.8454977002
390.8486190956
390.8517404910
390.8548620516
390.8579834471
390.8611050077
390.8642264031
390.8673479637
390.8704695243
390.8735909198
390.8767124804
390.8798340410
390.8829556016
390.8860771623
390.8891987229
390.8923204487
390.8954420094
390.8985635700
390.9016852958
390.9048068564
390.9079285823
390.9110503081
390.9141720339
390.9172935945
390.9204153204
390.9235370462
390.9266587720
390.9297806631
390.9329023889
390.9360241147
390.9391460058
390.9422677316
390.9453896226
390.9485113485
390.9516332395
390.9547551305
390.9578768564
390.9609987474
390.9641206384
390.9672425295
390.9703645857
390.9734864768
390.9766083678
390.9797302588
390.9828523151
390.9859742061
390.9890962624
390.9922183186
390.9953402096
390.9984622659
391.0015843221
391.0047063784
391.0078284346
391.0109504908
391.0140725471
391.0171947685
391.0234388810
391.0265611025
391.0296831587
391.0328053802
391.0359276016
391.0390498230
391.0421720445
391.0452941007
391.0484163222
391.0515387088
391.0546609303
391.0577831517
391.0609053732
391.0702723679
391.0733945894
391.0765169760
391.0796393627
391.0827617493
391.0858841360
391.0890065226
391.0921289093
391.0952512960
391.0983736826
391.1014960693
391.1046186211
391.1077410078
391.1108635596
391.1139859463
391.1171084981
391.1202310500
391.1233536019
391.1264761537
391.1295987056
391.1327212574
391.1358438093
391.1389663612
391.1420889130
391.1452116301
391.1639474369
391.1670701539
391.1701928710
391.1733155880
391.1764383051
391.2107893493
391.2139122315
391.2170351138
391.2201579961
391.2232808783
391.2264039258
391.2295268081
391.2326498556
391.2357727378
391.2388957853
391.2420186676
391.2451417151
391.2513878100
391.2545108575
391.2576339050
391.2607569524
391.2638799999
391.2670032126
391.2701262601
391.2732494727
391.2763725202
391.2794957329
391.2826187804
391.2857419931
391.2888652057
391.2919884184
391.2951116311
391.2982348438
391.3013580565
391.3044812691
391.3076046470
391.3107278597
391.3138510724
391.3169744503
391.3200976630
391.3232210409
391.3263444187
391.3294677966
391.3325911745
391.3357145524
391.3388379303
391.3419613082
391.3450846861
391.3482080640
391.3513316070
391.3544549849
391.3575783628
391.3607019059
391.3638254490
391.3669488269
391.3700723700
391.3731959131
391.3763194562
391.3794429993
391.3825665424
391.3856900854
391.3888137937
391.3919373368
391.3950608799
391.3981845882
391.4013081313
391.4044318396
391.4075555479
391.4106790910
391.4262976325
391.4294215060
391.4325452143
391.4356689226
391.4387927961
391.4419165044
391.4450403779
391.4481642514
391.4512879597
391.4544118332
391.4575357067
391.4606595802
391.4637834537
391.4669073272
391.4700312007
391.4731552394
391.4762791130
391.4794031517
391.4825270252
391.4856510639
391.4887749374
391.4918989761
391.4950230148
391.4981470535
391.5012710922
391.5043951309
391.5075191696
391.5387603828
391.5418845867
391.5450087906
391.5481329945
391.5512571984
391.5543815675
391.5575057715
391.5606299754
391.5637543445
391.5668785484
391.5700029175
391.5731272867
391.5762514906
391.5793758597
391.5825002288
391.5856245979
391.5887489671
391.5918733362
391.5949978705
391.6012466087
391.6043711431
391.6074955122
391.6106200465
391.6137445808
391.6168689500
391.6199934843
391.6231180186
391.6262425529
391.6324916216
391.6356163211
391.6387408555
391.6418653898
391.6449900893
391.6481146236
391.6512393232
391.6543638575
391.6574885570
391.6606132566
391.6637379561
391.6668626556
391.6699873552
391.6731120547
391.6762367542
391.6793614538
391.6824863185
391.6856110180
391.6887358828
391.6918605823
391.6949854470
391.6981103118
391.7012350113
391.7043598760
391.7074847408
391.7168593350
391.7199843649
391.7231092297
391.7262340944
391.7293591244
391.7324839891
391.7356090190
391.7543590335
391.7574842286
391.7606092586
391.7699845136
391.7731095436
391.7762347387
391.7793599339
391.7824849638
391.7856101590
391.7887353541
391.7918605493
391.7949857444
391.7981109396
391.8012362999
391.8043614951
391.8074866902
391.8106120506
391.8137372457
391.8168626061
391.8199878012
391.8231131616
391.8262385219
391.8293638823
391.8324892426
391.8356146030
391.8387399633
391.8418653237
391.8449906841
391.8481162096
391.8512415700
391.8543670955
391.8574924559
391.8606179814
391.8637435070
391.8668688674
391.8699943929
391.8731199185
391.8762454440
391.8793709696
391.8824964952
391.8856221859
391.8887477115
391.8918732370
391.8949989278
391.8981244534
391.9012501441
391.9043758349
391.9075015257
391.9106270512
391.9137527420
391.9168784328
391.9200041235
391.9231299795
391.9262556703
391.9293813610
391.9325070518
391.9356329078
391.9387585985
391.9418844545
391.9450103105
391.9481360013
391.9512618572
391.9543877132
391.9575135692
391.9606394251
391.9637652811
391.9668913023
391.9700171583
391.9731430142
391.9762690354
391.9793948914
391.9825209126
391.9856467685
391.9887727897
391.9918988109
391.9950248321
391.9981508532
392.0012768744
392.0044028956
392.0075289168
392.0106549379
392.0137811243
392.0169071455
392.0200333319
392.0231593531
392.0262855395
392.0294117258
392.0325377470
392.0356639334
392.0387901198
392.0419163062
392.0450424925
392.0481686789
392.0512950305
392.0544212169
392.0575474033
392.0606737549
392.0637999413
392.0669262928
392.0700526444
392.0731788308
392.0763051824
392.0794315340
392.0825578856
392.0856842372
392.0888105888
392.0919371056
392.0950634571
392.0981898087
392.1013163255
392.1106957107
392.1138220623
392.1169485791
392.1200750959
392.1232016127
392.1263281295
392.1294546463
392.1325811631
392.1357078451
392.1388343618
392.1419610438
392.1450875606
392.1482142426
392.1513407594
392.1544674414
392.1575941234
392.1607208054
392.1638474874
392.1669741694
392.1701008514
392.1732275334
392.1826077446
392.1857344266
392.1888612738
392.1919881211
392.1951148031
392.1982416503
392.2013684975
392.2044953447
392.2076221919
392.2107490391
392.2138758863
392.2170028987
392.2201297459
392.2232565931
392.2263836055
392.2295104527
392.2326374651
392.2357644775
392.2388913248
392.2420183372
392.2451453496
392.2482723620
392.2513993744
392.2701617793
392.2732889569
392.2764159693
392.2795431469
392.2826703245
392.2857975022
392.2889246798
392.2920518574
392.2983062126
392.3014335554
392.3045607331
392.3076879107
392.3108152535
392.3139424311
392.3170697739
392.3201971168
392.3233244596
392.3264518024
392.3295789800
392.3327064881
392.3358338309
392.3389611737
392.3420885165
392.3452158593
392.3483433674
392.3514707102
392.3545982182
392.3577255610
392.3608530691
392.3639805771
392.3671080851
392.3733631012
392.3764906092
392.3796181172
392.3827456253
392.3858732985
392.3890008065
392.3921283146
392.3952559878
392.3983836610
392.4015111691
392.4046388423
392.4077665155
392.4108941888
392.4327880666
392.4359159050
392.4390437435
392.4421714167
392.4452992552
392.4578106089
392.4609384474
392.4640662858
392.4671941242
392.4703221279
392.4734499663
392.4984736651
392.5016016687
392.5047298376
392.5078578412
392.5109858449
392.5141140137
392.5172420173
392.5297545275
392.5328826964
392.5360108652
392.5391390341
392.5422672029
392.5453953718
392.5547800436
392.5579082124
392.5610365465
392.5641647153
392.5672930494
392.5704213834
392.5735497175
392.5766780515
392.5798063856
392.5829347197
392.5860630537
392.5891913878
392.5923197218
392.5954482211
392.5985765551
392.6048333885
392.6079618877
392.6110903870
392.6142188862
392.6173472203
392.6204757196
392.6236042188
392.6267328833
392.6298613826
392.6329898818
392.6361183811
392.6392470455
392.6423755448
392.6455042093
392.6486328737
392.6517613730
392.6548900375
392.6580187019
392.6611473664
392.6642760309
392.6674046953
392.6705333598
392.6736620243
392.6767908540
392.6799195184
392.6830483481
392.6861770126
392.6893058422
392.6924346719
392.6955633364
392.6986921660
392.7018209957
392.7049498254
392.7080786551
392.7112074847
392.7143364796
392.7174653093
392.7205941390
392.7237231338
392.7268519635
392.7299809584
392.7331099533
392.7362387829
392.7518837573
392.7550129174
392.7581419123
392.7612709072
392.7644000673
392.7675290622
392.7706582222
392.7737873823
392.7769163772
392.7800455373
392.7831746974
392.7863038575
392.7894330175
392.7925621776
392.7956913377
392.7988206630
392.8019498231
392.8050789832
392.8082083085
392.8113376337
392.8144667938
392.8175961191
392.8207254444
392.8238547697
392.8269840950
392.8301134203
392.8332427456
392.8363720709
392.8395013962
392.8426307214
392.8457602119
392.8488895372
392.8520190277
392.8551485182
392.8582778435
392.8614073340
392.8645368245
392.8676663150
392.8707958055
392.8739252960
392.8770547865
392.8801842770
392.8833139327
392.8864434232
392.8895729137
392.8927025694
392.8958322251
392.8989617156
392.9020913713
392.9052210270
392.9083506827
392.9114803384
392.9146099941
392.9177396498
392.9208693055
392.9239991264
392.9271287821
392.9302584378
392.9333882587
392.9365179144
392.9396477353
392.9427775562
392.9459073771
392.9490371980
392.9521670189
392.9552968398
392.9584266608
392.9615564817
392.9646863026
392.9678162887
392.9709461096
392.9740759305
392.9772059166
392.9803359027
392.9834657236
392.9865957097
392.9897256959
392.9928556820
392.9959856681
392.9991156542
393.0022456403
393.0053757916
393.0085057777
393.0116357638
393.0147659152
393.0178959013
393.0210260526
393.0241562039
393.0272863552
393.0335464927
393.0366766440
393.0398067953
393.0429371118
393.0460672631
393.0491974145
393.0523277310
393.0554578823
393.0585881988
393.0617183502
393.0648486667
393.0679789832
393.0711091345
393.0742394510
393.0773697676
393.0805000841
393.0836305658
393.0867608823
393.0898911989
393.0930215154
393.0961519971
393.0992823136
393.1024127954
393.1055432771
393.1086735936
393.1118040754
393.1149345571
393.1180650388
393.1211955205
393.1243260023
393.1431093883
393.1462398700
393.1493705169
393.1525011639
393.1556318108
393.1681543986
393.1712850455
393.1744156924
393.1775465046
393.1806771515
393.1838079636
393.1869387758
393.1900694227
393.1932002349
393.2119851077
393.2151160850
393.2182468972
393.2213777093
393.2401634082
393.2432943856
393.2464253629
393.2495563402
393.2526873176
393.2558182949
393.2589494375
393.2620804148
393.2652115574
393.2683425347
393.2714736773
393.2746048198
393.2777359624
393.2808671049
393.2839982475
393.2871293901
393.2902605326
393.2933916752
393.2965228177
393.2996539603
393.3184414764
393.3215727842
393.3247040919
393.3278353997
393.3309667074
393.3340980152
393.3372294881
393.3403607959
393.3434921037
393.3466235766
393.3497548844
393.3528863574
393.3560178303
393.3591491381
393.3622806110
393.3654120840
393.3685435570
393.3716750299
393.3748065029
393.3779381411
393.3810696140
393.3842010870
393.3873327252
393.3904641981
393.3935958363
393.3967274745
393.3998589474
393.4029905856
393.4061222238
393.4092538619
393.4123855001
393.4155171383
393.4186489416
393.4217805798
393.4249122180
393.4280440214
393.4311756595
393.4343074629
393.4374391011
393.4405709044
393.4437027078
393.4468345112
393.4750210720
393.4781530406
393.4812850091
393.4844169777
393.4875487811
393.4906807497
393.4938127183
393.4969446868
393.5000768206
393.5032087892
393.5063407578
393.5126048602
393.5157369939
393.5188689625
393.5220010963
393.5251332301
393.5282653639
393.5313974977
393.5345296314
393.5376617652
393.5407938990
393.5439260328
393.5470581666
393.5501904656
393.5533225994
393.5564548984
393.5595870322
393.5627193311
393.5658516301
393.5689839291
393.5721160629
393.5752483619
393.5783808261
393.5815131251
393.5846454241
393.5877777231
393.5909101873
393.5940424863
393.6128369410
393.6159694052
393.6191018694
393.6222343336
393.6253669630
393.6284994272
393.6316318914
393.6347645208
393.6378969850
393.6410296144
393.6441620786
393.6472947080
393.6504273374
393.6535599668
393.6566925962
393.6598252256
393.6629578550
393.6692231139
393.6723557433
393.6754885379
393.6786211673
393.6817539619
393.6848867565
393.7099489482
393.7130819080
393.7162147026
393.7193474972
393.7224804570
393.7256134168
393.7287462114
393.7318791712
393.7350121311
393.7381450909
393.7412780507
393.7444110105
393.7632090998
393.7663420596
393.7694751846
393.7726083096
393.7757414347
393.7788743945
393.7820075195
393.7851406445
393.7882739347
393.7914070598
393.7945401848
393.7976733098
393.8008066000
393.8039397251
393.8070730153
393.8102061403
393.8133394305
393.8164727207
393.8196060110
393.8227393012
393.8258725914
393.8290058817
393.8321391719
393.8352724621
393.8384059175
393.8415392078
393.8446726632
393.8478059534
393.8509394088
393.8540726991
393.8572061545
393.8603396099
393.8634730654
393.8666065208
393.8697399762
393.8760068871
393.8791405077
393.8822739632
393.8854075838
393.8885410392
393.8916746599
393.8948081153
393.8979417359
393.9010753566
393.9042089772
393.9073425978
393.9104762185
393.9136098391
393.9167434598
393.9198772456
393.9230108662
393.9261444869
393.9292782727
393.9324118934
393.9355456792
393.9386794650
393.9418132509
393.9449470367
393.9480808226
393.9512146084
393.9543483943
393.9574821801
393.9606159659
393.9637499170
393.9668837028
393.9700174887
393.9731514397
393.9762853908
393.9794191766
393.9825531277
393.9856870787
393.9888210298
393.9919549808
393.9950889318
393.9982228829
394.0013569992
394.0044909502
394.0076249012
394.0107590175
394.0138929686
394.0170270848
394.0201612011
394.0232951521
394.0358316171
394.0389657334
394.0421000148
394.0452341311
394.0483682473
394.0515025288
394.0546366451
394.0577709265
394.0609052080
394.0640393242
394.0671736057
394.0703078871
394.0734421686
394.0765764501
394.0797107315
394.0828450130
394.0859794597
394.0891137411
394.0922480226
394.0953824692
394.1047856440
394.1079200907
394.1110545374
394.1141889840
394.1173234307
394.1204578774
394.1235923240
394.1267267707
394.1298613826
394.1329958292
394.1361304411
394.1392648878
394.1423994996
394.1455339463
394.1486685582
394.1518031700
394.1549377819
394.1580723938
394.1612070056
394.1643416175
394.1674763946
394.1706110065
394.1737456183
394.1768803954
394.1800150073
394.1831497844
394.1862845614
394.1894191733
394.1925539504
394.1956887275
394.1988235045
394.2019582816
394.2050930587
394.2082280010
394.2144975551
394.2176324974
394.2207672745
394.2239022168
394.2270371590
394.2301719361
394.2333068784
394.2364418207
394.2395767630
394.2427117052
394.2458466475
394.2489815898
394.2521166973
394.2552516396
394.2583867471
394.2615216894
394.2646567968
394.2677917391
394.2709268466
394.2740619541
394.2803321691
394.2834672766
394.2866023840
394.2897374915
394.2928725990
394.2960078717
394.2991429792
394.3022782519
394.3054133594
394.3085486321
394.3116837396
394.3148190123
394.3179542850
394.3210895576
394.3242248303
394.3399013590
394.3430367969
394.3461720696
394.3493075075
394.3524429454
